tweet_id,retweet_count,favorite_count
892420643555336193,8219,37720
892177421306343426,6077,32385
891815181378084864,4020,24389
891689557279858688,8373,41033
891327558926688256,9079,39227
891087950875897856,3011,19718
890971913173991426,1989,11530
890729181411237888,18264,63595
890609185150312448,4136,27098
890240255349198849,7140,31085
890006608113172480,7097,29888
889880896479866881,4820,27089
889665388333682689,9718,46845
889638837579907072,4384,26411
889531135344209921,2180,14730
889278841981685760,5203,24590
888917238123831296,4364,28372
888804989199671297,4144,24890
888554962724278272,3426,19313
888078434458587136,3378,21195
887705289381826560,5215,29423
887517139158093824,11330,45078
887473957103951883,17587,67168
887343217045368832,10099,32804
887101392804085760,5775,29790
886983233522544640,7522,34212
886736880519319552,3165,11732
886680336477933568,4323,21853
886366144734445568,3100,20638
886267009285017600,4,116
886258384151887873,6100,27275
886054160059072513,105,0
885984800019947520,6561,31776
885528943205470208,6226,35044
885518971528720385,3634,19915
885311592912609280,17975,0
885167619883638784,4250,21352
884925521741709313,17686,75346
884876753390489601,5444,27179
884562892145688576,4544,23647
884441805382717440,5488,26322
884247878851493888,19880,71023
884162670584377345,2890,19835
883838122936631299,3340,21335
883482846933004288,9627,44721
883360690899218434,3594,22097
883117836046086144,6462,36199
882992080364220416,3804,23328
882762694511734784,4751,27572
882627270321602560,5909,27215
882268110199369728,11241,43769
882045870035918850,4804,28580
881906580714921986,3297,23692
881666595344535552,10362,49302
881633300179243008,7,124
881536004380872706,15490,48156
881268444196462592,5031,22529
880935762899988482,2704,16616
880872448815771648,3716,20716
880465832366813184,6098,27798
880221127280381952,4092,26336
880095782870896641,4213,26928
879862464715927552,3394,21783
879674319642796034,10,301
879492040517615616,3088,22843
879415818425184262,43039,103171
879376492567855104,3022,16382
879130579576475649,6620,0
879050749262655488,4572,21978
879008229531029506,2615,18518
878776093423087618,4008,18941
878604707211726852,6996,29474
878404777348136964,1250,0
878316110768087041,6465,0
878281511006478336,1250,7550
878057613040115712,6620,41003
877736472329191424,18563,77745
877611172832227328,78,0
877556246731214848,3696,22178
877316821321428993,5050,26732
877201837425926144,5433,26477
876838120628539392,3251,20184
876537666061221889,4519,22982
876484053909872640,2327,18311
876120275196170240,4561,27277
875747767867523072,4178,24596
875144289856114688,4815,21425
875097192612077568,5903,26756
875021211251597312,4607,24888
874680097055178752,4532,27200
874434818259525634,14351,0
874296783580663808,4013,25466
874057562936811520,3861,22194
874012996292530176,10163,33749
873580283840344065,3847,23675
873337748698140672,1549,0
873213775632977920,1549,7080
872967104147763200,5294,26742
872820683541237760,3620,14421
872620804844003328,3620,20347
872486979161796608,8841,39860
872122724285648897,7975,33696
871879754684805121,10942,37158
871762521631449091,3416,19869
871515927908634625,3397,19807
871166179821445120,5596,0
871102520638267392,5415,20549
871032628920680449,3755,22263
870804317367881728,6106,33020
870726314365509632,3,117
870656317836468226,2600,12187
870374049280663552,25852,81329
870308999962521604,4096,21473
870063196459192321,8225,36012
869772420881756160,9905,41749
869702957897576449,6264,27793
869596645499047938,3102,15742
869227993411051520,3750,20163
868880397819494401,14311,64630
868639477480148993,2068,0
868622495443632128,5241,26371
868552278524837888,2068,9985
867900495410671616,4138,23873
867774946302451713,7278,33547
867421006826221569,2480,15927
867072653475098625,119,0
867051520902168576,7803,31868
866720684873056260,4776,19843
866686824827068416,3454,19066
866450705531457537,35100,120913
866334964761202691,14351,51994
866094527597207552,8319,0
865718153858494464,5594,25400
865359393868664832,4983,26210
865006731092295680,7660,27760
864873206498414592,8686,32009
864279568663928832,3018,14506
864197398364647424,8905,29902
863907417377173506,4128,20469
863553081350529029,4176,15206
863471782782697472,2439,0
863432100342583297,5237,23665
863427515083354112,96,2241
863079547188785154,1103,8720
863062471531167744,2439,8473
862831371563274240,5106,19066
862722525377298433,3528,16976
862457590147678208,4966,20411
862096992088072192,23314,74108
861383897657036800,10731,35972
861288531465048066,4173,17130
861005113778896900,3812,16659
860981674716409858,2170,0
860924035999428608,823,0
860563773140209665,2170,7493
860524505164394496,5315,23557
860276583193509888,3496,18271
860184849394610176,5895,16662
860177593139703809,31094,0
859924526012018688,4110,19530
859851578198683649,3539,15405
859607811541651456,1583,18592
859196978902773760,30455,89926
859074603037188101,13739,33895
858860390427611136,8230,0
858843525470990336,3518,15562
858471635011153920,4888,21551
858107933456039936,2931,15752
857989990357356544,2614,16176
857746408056729600,10782,34358
857393404942143489,1663,5923
857263160327368704,4578,20092
857214891891077121,18,228
857062103051644929,173,0
857029823797047296,4069,19003
856602993587888130,10868,0
856543823941562368,2930,16353
856526610513747968,1920,11906
856330835276025856,689,0
856288084350160898,17,523
856282028240666624,6445,27903
855862651834028034,26,347
855860136149123072,1045,5058
855857698524602368,2152,11951
855851453814013952,18105,45852
855818117272018944,5557,26833
855459453768019968,8392,30174
855245323840757760,6119,0
855138241867124737,46,0
854732716440526848,6256,23073
854482394044301312,7051,29630
854365224396361728,4810,19116
854120357044912130,7691,32379
854010172552949760,3235,16423
853760880890318849,5952,28993
853639147608842240,10441,35316
853299958564483072,3682,15770
852936405516943360,2067,0
852912242202992640,1894,9212
852672615818899456,2229,15179
852553447878664193,3626,16640
852311364735569921,10213,33711
852226086759018497,7024,20366
852189679701164033,1639,11672
851953902622658560,9960,0
851861385021730816,23,0
851591660324737024,3589,16531
851464819735769094,7342,24764
851224888060895234,5935,21105
850753642995093505,9627,31620
850380195714523136,2723,13362
850333567704068097,348,3518
850145622816686080,3972,16695
850019790995546112,5083,20916
849776966551130114,7906,31186
849668094696017920,5149,0
849412302885593088,3270,16268
849336543269576704,1965,11700
849051919805034497,8862,43483
848690551926992896,4497,25855
848324959059550208,4787,25396
848213670039564288,776,8393
848212111729840128,3201,16757
847978865427394560,3398,0
847971574464610304,444,0
847962785489326080,5319,24144
847842811428974592,1393,5615
847617282490613760,440,7191
847606175596138505,3552,19303
847251039262605312,4482,21037
847157206088847362,6128,20506
847116187444137987,3341,22014
846874817362120707,4106,20642
846514051647705089,12147,45925
846505985330044928,3218,14522
846153765933735936,9506,32630
846139713627017216,10378,31823
846042936437604353,3034,16478
845812042753855489,9156,30170
845677943972139009,5013,25912
845397057150107648,1894,7875
845306882940190720,5662,24057
845098359547420673,8034,0
844979544864018432,2704,14048
844973813909606400,3377,15595
844704788403113984,10868,39965
844580511645339650,3300,17030
844223788422217728,2315,14068
843981021012017153,3081,15641
843856843873095681,4871,22143
843604394117681152,2896,17443
843235543001513987,6362,22228
842846295480000512,3795,15738
842765311967449089,1344,6981
842535590457499648,3697,18701
842163532590374912,6119,25301
842115215311396866,3200,14493
841833993020538882,16155,0
841680585030541313,8182,26555
841439858740625411,3887,13071
841320156043304961,5750,20472
841314665196081154,4957,16398
841077006473256960,5596,23712
840761248237133825,1853,0
840728873075638272,17057,0
840698636975636481,2,183
840696689258311684,1038,12738
840632337062862849,1853,9299
840370681858686976,4808,17074
840268004936019968,6062,19977
839990271299457024,2423,13924
839549326359670784,8230,28555
839290600511926273,150,0
839239871831150596,6920,28234
838952994649550848,4206,20350
838921590096166913,2192,11608
838916489579200512,36,0
838831947270979586,11700,0
838561493054533637,1402,11345
838476387338051585,5090,23455
838201503651401729,10686,0
838150277551247360,353,1747
838085839343206401,1,147
838083903487373313,3347,18307
837820167694528512,8319,35525
837482249356513284,466,3987
837471256429613056,2420,13285
837366284874571778,5628,21999
837110210464448512,2537,16664
836989968035819520,2440,13228
836753516572119041,4894,20026
836677758902222849,2358,13112
836648853927522308,579,0
836397794269200385,29398,0
836380477523124226,3154,15345
836260088725786625,4551,22133
836001077879255040,4555,19888
835685285446955009,8659,0
835574547218894849,3848,18539
835536468978302976,1812,0
835309094223372289,22342,0
835297930240217089,3191,17107
835264098648616962,1812,8049
835246439529840640,77,2184
835172783151792128,6105,27226
835152434251116546,3205,23409
834931633769889797,1753,11273
834786237630337024,5850,22092
834574053763584002,2689,14252
834477809192075265,11368,0
834458053273591808,1786,10010
834209720923721728,5092,21477
834167344700198914,3876,16437
834089966724603904,2262,10482
834086379323871233,2362,13622
833863086058651648,2552,13979
833826103416520705,3971,18778
833732339549220864,228,0
833722901757046785,3415,21627
833479644947025920,2196,15485
833124694597443584,5149,21073
832998151111966721,2361,13867
832769181346996225,40,0
832757312314028032,3861,17569
832682457690300417,3123,12394
832645525019123713,553,3045
832636094638288896,2968,16521
832397543355072512,2370,12459
832369877331693569,3398,17932
832273440279240704,2489,11808
832215909146226688,6604,0
832215726631055365,9999,0
832088576586297345,2,69
832040443403784192,10354,0
832032802820481025,4952,18621
831939777352105988,6544,25062
831926988323639298,35,357
831911600680497154,6959,28889
831670449226514432,1935,10924
831650051525054464,2067,7504
831552930092285952,2451,9391
831322785565769729,1638,9634
831315979191906304,1192,6833
831309418084069378,2615,12262
831262627380748289,2191,12446
830956169170665475,1593,8332
830583320585068544,17975,69919
830173239259324417,6094,0
830097400375152640,3204,10269
829878982036299777,5376,0
829861396166877184,2094,12796
829501995190984704,11368,33192
829449946868879360,2166,10941
829374341691346946,9960,36197
829141528400556032,7935,25621
829011960981237760,17369,55464
828801551087042563,3637,0
828770345708580865,6278,26737
828708714936930305,12026,38309
828650029636317184,1444,9939
828409743546925057,1233,6603
828408677031882754,1380,8028
828381636999917570,2381,13228
828376505180889089,1144,7728
828372645993398273,3166,13141
828361771580813312,181,2299
828046555563323392,3067,12323
828011680017821696,2302,10845
827933404142436356,5601,21078
827653905312006145,3221,16158
827600520311402496,1018,7759
827324948884643840,3282,16636
827199976799354881,2404,11083
826958653328592898,5376,22626
826848821049180160,10969,38234
826615380357632002,4240,0
826598799820865537,270,5368
826598365270007810,2517,10572
826476773533745153,4507,19336
826240494070030336,2778,13923
826204788643753985,1000,5120
826115272272650244,3370,16432
825876512159186944,2006,10986
825829644528148480,2672,13362
825535076884762624,18473,54699
825147591692263424,4914,19221
825120256414846976,1369,0
825026590719483904,1369,6665
824796380199809024,5907,0
824775126675836928,3782,15724
824663926340194305,1862,10587
824325613288833024,11176,12395
824297048279236611,4162,15835
824025158776213504,633,5015
823939628516474880,2910,11187
823719002937630720,12064,0
823699002998870016,2596,13236
823581115634085888,2848,13700
823333489516937216,27,733
823322678127919110,4326,16546
823269594223824897,10599,0
822975315408461824,3705,18196
822872901745569793,47210,139101
822859134160621569,2463,13919
822647212903690241,6898,0
822610361945911296,3190,15554
822489057087389700,6898,19113
822462944365645825,15761,29926
822244816520155136,10599,36865
822163064745328640,5174,0
821886076407029760,2521,11934
821813639212650496,3604,0
821765923262631936,1792,8863
821522889702862852,1914,8453
821421320206483457,6039,0
821407182352777218,4684,12405
821153421864615936,10,267
821149554670182400,2176,9166
821107785811234820,2299,10099
821044531881721856,2471,13337
820837357901512704,7234,0
820749716845686786,10686,33231
820690176645140481,3472,12858
820494788566847489,610,0
820446719150292993,2786,0
820314633777061888,610,3515
820078625395449857,6784,20877
820013781606658049,1277,0
819952236453363712,1277,5609
819924195358416896,5219,13567
819711362133872643,3380,14193
819588359383371776,2127,10109
819347104292290561,1303,7616
819238181065359361,437,2412
819227688460238848,7234,24329
819015337530290176,39717,0
819015331746349057,20466,0
819006400881917954,20466,47655
819004803107983360,39717,91405
818646164899774465,22545,0
818627210458333184,8063,23417
818614493328580609,2789,10392
818588835076603904,6641,0
818536468981415936,2677,11516
818307523543449600,8784,0
818259473185828864,2472,11627
818145370475810820,2804,12962
817908911860748288,852,5119
817827839487737858,29398,54645
817777686764523521,2894,11306
817536400337801217,3285,12450
817502432452313088,3668,0
817423860136083457,16155,36034
817415592588222464,1042,5921
817181837579653120,9184,0
817171292965273600,2179,9223
817120970343411712,2834,12865
817056546584727552,1785,9059
816829038950027264,5100,0
816816676327063552,2193,10579
816697700272001025,2387,10353
816450570814898180,8784,32252
816336735214911488,2116,9086
816091915477250048,2339,9450
816062466425819140,1128,0
816014286006976512,5745,0
815990720817401858,1128,5276
815966073409433600,9184,23685
815745968457060357,4475,0
815736392542261248,2462,10407
815639385530101762,1778,8688
815390420867969024,4120,10960
814986499976527872,1390,8082
814638523311648768,2937,11911
814578408554463233,6276,0
814530161257443328,2016,9151
814153002265309185,9408,30444
813944609378369540,3459,0
813910438903693312,2033,9837
813812741911748608,15189,38492
813800681631023104,1904,8830
813217897535406080,7919,19754
813202720496779264,1953,9730
813187593374461952,4726,21003
813172488309972993,2074,9867
813157409116065792,2407,8215
813142292504645637,2554,8939
813130366689148928,481,4731
813127251579564032,3388,12556
813112105746448384,2985,10940
813096984823349248,3897,11164
813081950185472002,3002,10466
813066809284972545,2102,8436
813051746834595840,7951,22186
812781120811126785,2074,8047
812709060537683968,1546,7010
812503143955202048,1322,6428
812466873996607488,2094,8455
812372279581671427,3983,14492
811985624773361665,1525,7692
811744202451197953,1738,7991
811647686436880384,804,5923
811627233043480576,3382,13543
811386762094317568,6927,22152
810984652412424192,1557,5648
810896069567610880,1941,9597
810657578271330305,2871,11635
810284430598270976,12368,37495
810254108431155201,3637,15559
809920764300447744,4240,16417
809808892968534016,5311,0
809448704142938112,1592,7350
809220051211603969,6094,21132
809084759137812480,3808,14027
808838249661788160,3305,10721
808733504066486276,2352,8390
808501579447930884,2818,11957
808344865868283904,22545,45063
808134635716833280,6448,0
808106460588765185,2383,9280
808001312164028416,3843,13324
807621403335917568,3984,15442
807106840509214720,60395,125826
807059379405148160,7951,0
807010152071229440,4159,13832
806629075125202948,37809,79614
806620845233815552,6005,0
806576416489959424,2088,5154
806542213899489280,2563,10825
806242860592926720,12672,0
806219024703037440,1293,6821
805958939288408065,5847,0
805932879469572096,2077,8778
805826884734976000,1989,6985
805823200554876929,8736,0
805520635690676224,1789,6095
805487436403003392,2751,9301
805207613751304193,1851,8276
804738756058218496,4176,14564
804475857670639616,2185,6513
804413760345620481,3506,0
804026241225523202,17651,47304
803773340896923648,3009,10667
803692223237865472,8072,0
803638050916102144,4483,11646
803380650405482500,2015,8233
803321560782307329,5762,0
803276597545603072,2672,10641
802952499103731712,2184,9587
802624713319034886,3174,0
802600418706604034,1600,7550
802572683846291456,2715,9496
802323869084381190,6339,17235
802265048156610565,1484,7015
802239329049477120,2839,9621
802185808107208704,288,0
801958328846974976,1855,8184
801854953262350336,255,1873
801538201127157760,2228,8709
801285448605831168,904,6424
801167903437357056,6448,26032
801127390143516673,4296,0
801115127852503040,2270,8582
800859414831898624,104,734
800855607700029440,1772,0
800751577355128832,3011,11161
800513324630806528,3276,13961
800459316964663297,2344,10053
800443802682937345,4682,0
800388270626521089,3055,11832
800188575492947969,4294,0
800141422401830912,2786,16268
800018252395122689,14309,30149
799774291445383169,5086,0
799757965289017345,2353,8922
799422933579902976,2081,8552
799308762079035393,5996,0
799297110730567681,3009,10513
799063482566066176,2681,8574
798933969379225600,4862,13954
798925684722855936,1551,7912
798705661114773508,7170,0
798701998996647937,8472,0
798697898615730177,7065,0
798694562394996736,5383,0
798686750113755136,2518,0
798682547630837760,5126,0
798673117451325440,6025,0
798665375516884993,4238,0
798644042770751489,2013,0
798628517273620480,2138,0
798585098161549313,6209,0
798576900688019456,6356,0
798340744599797760,3648,0
798209839306514432,2776,11032
797971864723324932,3418,12376
797545162159308800,5273,15413
797236660651966464,7223,21218
797165961484890113,29,246
796904159865868288,9660,0
796865951799083009,2071,8141
796759840936919040,3316,12597
796563435802726400,7943,0
796484825502875648,1918,8045
796387464403357696,4525,11691
796177847564038144,15562,0
796149749086875649,15562,34329
796125600683540480,1945,5257
796116448414461957,2631,9676
796080075804475393,2519,8996
796031486298386433,4001,11503
795464331001561088,25903,52862
795400264262053889,3121,10714
795076730285391872,5907,17248
794983741416415232,3668,0
794926597468000259,2508,10922
794355576146903043,11187,0
794332329137291264,2888,10185
794205286408003585,3602,9786
793962221541933056,5311,17866
793845145112371200,2038,9788
793614319594401792,3395,0
793601777308463104,1772,8473
793500921481273345,2585,11360
793286476301799424,9999,26134
793271401113350145,2581,9199
793256262322548741,9073,21232
793241302385262592,3561,11168
793226087023144960,3111,10449
793210959003287553,3051,9487
793195938047070209,6122,16231
793180763617361921,2165,7368
793165685325201412,3024,10013
793150605191548928,1849,6560
793135492858580992,2713,6864
793120401413079041,4248,13480
792913359805018113,4368,15232
792883833364439040,4650,12016
792773781206999040,1825,7802
792394556390137856,4666,14293
792050063153438720,1964,7621
791821351946420224,22853,0
791784077045166082,10454,0
791780927877898241,4143,0
791774931465953280,24147,47932
791672322847637504,3395,12469
791406955684368384,4475,13925
791312159183634433,2760,9334
791026214425268224,4466,0
790987426131050500,2322,10490
790946055508652032,5100,17656
790723298204217344,2512,0
790698755171364864,2078,8702
790581949425475584,7813,21960
790337589677002753,2025,8299
790277117346975746,3459,13336
790227638568808452,3880,0
789986466051088384,2512,9811
789960241177853952,4491,0
789903600034189313,4485,11024
789628658055020548,1934,7964
789599242079838210,2103,7182
789530877013393408,3668,12485
789314372632018944,2507,9146
789280767834746880,5368,0
789268448748703744,2811,9680
789137962068021249,3042,10305
788908386943430656,13453,29088
788765914992902144,11187,29113
788552643979468800,7821,0
788412144018661376,5750,16534
788178268662984705,2300,7665
788150585577050112,1416,6521
788070120937619456,3715,0
788039637453406209,1436,6520
787810552592695296,3322,9192
787717603741622272,3022,10846
787397959788929025,3079,11516
787322443945877504,1901,8263
787111942498508800,7307,0
786963064373534720,8659,28199
786729988674449408,2608,0
786709082849828864,6604,19271
786664955043049472,2774,11297
786595970293370880,3361,9984
786363235746385920,3793,11545
786286427768250368,3102,8431
786233965241827333,5174,16219
786051337297522688,167,1522
786036967502913536,7653,0
785927819176054784,3434,12041
785872687017132033,1976,7079
785639753186217984,2404,8285
785533386513321988,2173,9643
785515384317313025,1361,6461
785264754247995392,1763,7694
785170936622350336,5263,12795
784826020293709826,3506,10741
784517518371221505,2749,9490
784431430411685888,1390,6030
784183165795655680,8736,21302
784057939640352768,12064,31628
783839966405230592,11700,31809
783821107061198850,2118,7786
783695101801398276,3495,11057
783466772167098368,2437,8946
783391753726550016,5958,17844
783347506784731136,6055,0
783334639985389568,12672,30915
783085703974514689,2400,8615
782969140009107456,7951,25522
782747134529531904,1509,7907
782722598790725632,5847,18290
782598640137187329,2027,8243
782305867769217024,6039,17623
782021823840026624,6741,0
781955203444699136,3636,11766
781661882474196992,2934,11047
781655249211752448,1212,4230
781524693396357120,6005,21957
781308096455073793,2753,7535
781251288990355457,2266,8928
781163403222056960,2958,10343
780931614150983680,7943,22895
780858289093574656,2166,7613
780800785462489090,1406,5816
780601303617732608,3604,12783
780543529827336192,1867,6658
780496263422808064,3999,0
780476555013349377,126,0
780459368902959104,1155,5594
780192070812196864,2413,9206
780092040432480260,2490,0
780074436359819264,5394,12937
779834332596887552,7653,20035
779377524342161408,3364,9336
779124354206535695,19892,0
779123168116150273,3945,12471
779056095788752897,4883,15629
778990705243029504,7839,21124
778774459159379968,10762,0
778764940568104960,395,909
778748913645780993,1433,7286
778650543019483137,1616,6093
778624900596654080,1090,4912
778408200802557953,4696,14417
778396591732486144,13210,0
778383385161035776,1199,6177
778286810187399168,3560,10964
778039087836069888,2835,8941
778027034220126208,1751,6915
777953400541634568,3805,0
777885040357281792,1776,6727
777684233540206592,3174,11857
777641927919427584,4583,0
777621514455814149,2686,9261
777189768882946048,4661,15120
776819012571455488,14850,0
776813020089548800,1308,5156
776477788987613185,3008,9327
776249906839351296,9864,0
776218204058357768,17222,31650
776201521193218049,2715,10137
776113305656188928,4682,12393
776088319444877312,164,1926
775898661951791106,17724,0
775842724423557120,2883,12362
775733305207554048,4296,14618
775729183532220416,4912,13624
775364825476165632,3200,7838
775350846108426240,4196,10719
775085132600442880,5086,16396
774757898236878852,1907,9016
774639387460112384,1859,7088
774314403806253056,5996,22965
773985732834758656,4171,11319
773922284943896577,1865,6746
773704687002451968,1744,6963
773670353721753600,1394,5604
773547596996571136,6641,23289
773336787167145985,5474,0
773308824254029826,8034,24493
773247561583001600,3464,9927
773191612633579521,4421,10522
772877495989305348,4162,9035
772826264096874500,2517,8439
772615324260794368,3625,0
772581559778025472,1815,6833
772193107915964416,1491,6347
772152991789019136,1200,3988
772117678702071809,791,3958
772114945936949249,505,2863
772102971039580160,997,4221
771908950375665664,2039,6924
771770456517009408,3648,12643
771500966810099713,2819,8709
771380798096281600,5474,11071
771171053431250945,8117,0
771136648247640064,3150,9655
771102124360998913,1549,6569
771014301343748096,1776,7225
771004394259247104,234,0
770787852854652928,1301,5206
770772759874076672,1516,5460
770655142660169732,1871,7715
770414278348247044,2223,6618
770293558247038976,1600,6557
770093767776997377,3264,0
770069151037685760,2467,7965
769940425801170949,10354,33046
769695466921623552,1775,6722
769335591808995329,8249,0
769212283578875904,1837,5688
768970937022709760,7021,15163
768909767477751808,2886,0
768855141948723200,954,4414
768609597686943744,1294,4332
768596291618299904,1371,5282
768554158521745409,6251,0
768473857036525572,3676,14333
768193404517830656,3805,11474
767884188863397888,1503,4996
767754930266464257,5762,16846
767500508068192258,2505,7864
767191397493538821,4076,12898
767122157629476866,3054,10645
766864461642756096,6046,0
766793450729734144,1456,5339
766714921925144576,415,2740
766693177336135680,847,4235
766423258543644672,1707,6332
766313316352462849,2020,7133
766078092750233600,2785,0
766069199026450432,918,4480
766008592277377025,528,3936
765719909049503744,2300,7607
765669560888528897,1305,5464
765395769549590528,3644,27811
765371061932261376,2318,7445
765222098633691136,3625,12207
764857477905154048,1899,6756
764259802650378240,1624,6352
763956972077010945,58,782
763837565564780549,4466,13246
763183847194451968,1577,5667
763167063695355904,3236,0
763103485927849985,2449,7719
762699858130116608,3880,12774
762471784394268675,6926,11829
762464539388485633,4491,10823
762316489655476224,1206,5057
762035686371364864,16730,33558
761976711479193600,2160,5665
761750502866649088,4213,0
761745352076779520,920,4466
761672994376806400,31094,52026
761599872357261312,1258,4335
761371037149827077,19243,0
761334018830917632,1551,5456
761292947749015552,1174,4681
761227390836215808,1666,5573
761004547850530816,3715,11877
760893934457552897,1040,4011
760656994973933572,2060,6935
760641137271070720,1381,5207
760539183865880579,3891,7943
760521673607086080,1494,4432
760290219849637889,12291,28148
760252756032651264,926,4137
760190180481531904,1936,5975
760153949710192640,33,0
759943073749200896,2236,6225
759923798737051648,6046,15389
759846353224826880,2123,7036
759793422261743616,2033,6251
759566828574212096,22602,0
759557299618865152,1254,4920
759447681597108224,2608,8899
759446261539934208,518,1753
759197388317847553,2083,6342
759159934323924993,1240,0
759099523532779520,4458,15226
759047813560868866,2164,6816
758854675097526272,958,3720
758828659922702336,4088,11707
758740312047005698,1718,5996
758474966123810816,1061,4006
758467244762497024,2374,5027
758405701903519748,2060,5448
758355060040593408,1157,3592
758099635764359168,10762,20105
758041019896193024,401,2831
757741869644341248,3473,7218
757729163776290825,8671,0
757725642876129280,1299,4747
757611664640446465,1193,4789
757597904299253760,313,0
757596066325864448,1132,4553
757400162377592832,7314,15846
757393109802180609,1865,6100
757354760399941633,1523,4732
756998049151549440,2126,6573
756939218950160384,2148,6958
756651752796094464,1396,5297
756526248105566208,3856,10887
756303284449767430,1160,4128
756288534030475264,18643,44866
756275833623502848,1622,6715
755955933503782912,3088,7672
755206590534418437,5755,17229
755110668769038337,11830,22229
754874841593970688,8552,0
754856583969079297,2693,7184
754747087846248448,554,2698
754482103782404096,2083,5548
754449512966619136,779,3918
754120377874386944,2491,8209
753655901052166144,2320,6120
753420520834629632,3810,8301
753398408988139520,2051,6036
753375668877008896,2490,7992
753298634498793472,6145,0
753294487569522689,1116,3546
753039830821511168,22342,38864
753026973505581056,1042,4078
752932432744185856,7307,13213
752917284578922496,1681,7222
752701944171524096,3088,0
752682090207055872,1715,6255
752660715232722944,1678,4608
752568224206688256,2437,5778
752519690950500352,3682,7704
752334515931054080,1178,3995
752309394570878976,17832,0
752173152931807232,1963,6223
751950017322246144,992,3216
751937170840121344,1437,5448
751830394383790080,2084,6057
751793661361422336,3100,6121
751598357617971201,3243,8253
751583847268179968,1183,4597
751538714308972544,1350,5267
751456908746354688,1070,3352
751251247299190784,6261,13051
751205363882532864,1955,6587
751132876104687617,1386,5298
750868782890057730,1474,4995
750719632563142656,5368,13798
750506206503038976,1221,4643
750429297815552001,4583,13767
750383411068534784,1216,4760
750381685133418496,30,724
750147208377409536,1025,3248
750132105863102464,1362,3802
750117059602808832,1381,4526
750101899009982464,898,3174
750086836815486976,576,2272
750071704093859840,3559,8208
750056684286914561,955,3285
750041628174217216,657,3315
750026558547456000,838,2828
750011400160841729,967,3394
749996283729883136,862,3178
749981277374128128,2608,5333
749774190421639168,1399,4866
749417653287129088,1767,6364
749403093750648834,578,2740
749395845976588288,3685,8974
749317047558017024,2354,5716
749075273010798592,2206,6005
749064354620928000,1612,4990
749036806121881602,832,3242
748977405889503236,3619,11199
748932637671223296,2402,6091
748705597323898880,1007,2883
748699167502000129,1696,4933
748692773788876800,1410,4420
748575535303884801,2103,6321
748568946752774144,712,2281
748346686624440324,1316,5448
748337862848962560,4379,8001
748324050481647620,813,3856
748307329658011649,756,3822
748220828303695873,8285,14745
747963614829678593,2271,6019
747933425676525569,2709,6903
747885874273214464,1045,3069
747844099428986880,795,2930
747816857231626240,1231,5045
747651430853525504,164,1441
747648653817413632,6202,13443
747600769478692864,583,2417
747594051852075008,1114,3847
747512671126323200,1683,5760
747461612269887489,1091,4022
747439450712596480,2044,5648
747242308580548608,3050,0
747219827526344708,1673,5509
747204161125646336,975,3515
747103485104099331,4232,9971
746906459439529985,313,3004
746872823977771008,2279,6244
746818907684614144,1829,5522
746790600704425984,1685,5076
746757706116112384,4143,9958
746726898085036033,1901,6280
746542875601690625,1983,5244
746521445350707200,1041,0
746507379341139972,1146,4831
746369468511756288,1742,6419
746131877086527488,2336,7185
746056683365994496,862,3684
745789745784041472,1129,4182
745712589599014916,2462,7262
745433870967832576,2690,7380
745422732645535745,2570,8933
745314880350101504,2939,7464
745074613265149952,3736,8141
745057283344719872,2411,7516
744995568523612160,658,3090
744971049620602880,2855,8193
744709971296780288,1647,5814
744334592493166593,2256,7037
744234799360020481,82839,162748
744223424764059648,391,1749
743980027717509120,1151,4314
743895849529389061,1013,3777
743835915802583040,2201,0
743609206067040256,1454,4649
743595368194129920,6945,19160
743545585370791937,986,3656
743510151680958465,3920,8218
743253157753532416,1289,4393
743222593470234624,2007,6439
743210557239623680,1444,3994
742534281772302336,3756,7326
742528092657332225,2111,4597
742465774154047488,4119,7543
742423170473463808,3999,10207
742385895052087300,2098,7066
742161199639494656,1455,4507
742150209887731712,1643,5333
741793263812808706,1591,4728
741743634094141440,2918,8495
741438259667034112,878,3808
741303864243200000,3407,9108
741099773336379392,5865,10415
741067306818797568,3264,9820
740995100998766593,2928,6634
740711788199743490,987,3534
740699697422163968,824,2944
740676976021798912,7170,18849
740373189193256964,14050,36160
740365076218183684,455,2566
740359016048689152,903,3424
740214038584557568,2074,6938
739979191639244800,6251,20741
739932936087216128,1137,4207
739844404073074688,900,3935
739623569819336705,1439,3943
739606147276148736,1747,5580
739544079319588864,22602,41142
739485634323156992,3099,7455
739238157791694849,61316,120305
738891149612572673,6,112
738885046782832640,1204,3913
738883359779196928,855,3457
738537504001953792,1640,5287
738402415918125056,885,3373
738184450748633089,1271,4476
738166403467907072,3586,9119
738156290900254721,689,2620
737826014890496000,1855,5476
737800304142471168,3649,10366
737678689543020544,1401,5221
737445876994609152,4704,10666
737322739594330112,854,3740
737310737551491075,7835,15228
736736130620620800,1832,4458
736392552031657984,7821,18398
736365877722001409,1318,4132
736225175608430592,2921,8433
736010884653420544,3137,8176
735991953473572864,1214,3730
735648611367784448,1161,4150
735635087207878657,2475,6403
735274964362878976,5353,13490
735256018284875776,934,3460
735137028879360001,1024,3234
734912297295085568,546,2839
734787690684657664,6640,13017
734776360183431168,571,2603
734559631394082816,418,1546
733828123016450049,819,3712
733822306246479872,1064,3792
733482008106668032,993,3263
733460102733135873,1343,4349
733109485275860992,17724,51024
732732193018155009,560,2522
732726085725589504,928,3662
732585889486888962,815,3801
732375214819057664,2653,8380
732005617171337216,5745,15460
731285275100512256,1033,3617
731156023742988288,1342,3969
730924654643314689,2083,6347
730573383004487680,2261,5087
730427201120833536,1100,3586
730211855403241472,1110,3966
730196704625098752,2025,5042
729854734790754305,1185,4184
729838605770891264,406,1766
729823566028484608,1305,4132
729463711119904772,2437,6010
729113531270991872,345,1953
728986383096946689,859,3264
728760639972315136,1791,4840
728751179681943552,710,2871
728653952833728512,1086,3420
728409960103686147,2106,5077
728387165835677696,1007,3800
728046963732717569,1239,4456
728035342121635841,1753,4706
728015554473250816,1158,4242
727685679342333952,665,3039
727644517743104000,1833,6104
727524757080539137,1283,4627
727314416056803329,787,3446
727286334147182592,858,3145
727175381690781696,1451,4021
727155742655025152,1397,3770
726935089318363137,2578,7120
726887082820554753,1586,3973
726828223124897792,1048,3678
726224900189511680,1205,4563
725842289046749185,2785,7286
725786712245440512,1429,4304
725729321944506368,1877,5366
725458796924002305,654,1457
724983749226668032,1369,3840
724771698126512129,675,2455
724405726123311104,1727,5481
724049859469295616,1858,4463
724046343203856385,590,2748
724004602748780546,1647,4326
723912936180330496,1291,4027
723688335806480385,3125,7949
723673163800948736,937,3123
723179728551723008,1970,5466
722974582966214656,1647,4240
722613351520608256,1721,5130
721503162398597120,1970,4811
721001180231503872,646,2615
720785406564900865,805,3221
720775346191278080,711,2569
720415127506415616,1577,4279
720389942216527872,2642,6607
720340705894408192,1028,2964
720059472081784833,1178,4021
720043174954147842,2106,5071
719991154352222208,1832,4989
719704490224398336,1519,4705
719551379208073216,2029,5221
719367763014393856,779,2882
719339463458033665,1311,4556
719332531645071360,1000,3531
718971898235854848,1149,3607
718939241951195136,1851,5413
718631497683582976,8472,19507
718613305783398402,505,2518
718540630683709445,1065,2557
718460005985447936,551,2788
718454725339934721,1585,5030
718246886998687744,524,1996
718234618122661888,1056,4004
717841801130979328,621,2537
717790033953034240,1185,2981
717537687239008257,1930,5940
717428917016076293,474,1661
717421804990701568,880,3256
717047459982213120,2010,6480
717009362452090881,1023,3375
716802964044845056,1241,4429
716791146589110272,1506,6194
716730379797970944,451,1275
716447146686459905,6200,13528
716439118184652801,220,2442
716285507865542656,1138,2876
716080869887381504,2015,6957
715928423106027520,919,3295
715758151270801409,1501,3851
715733265223708672,1769,4827
715704790270025728,595,2891
715696743237730304,1353,4031
715680795826982913,1703,4478
715360349751484417,1653,5659
715342466308784130,719,3135
715220193576927233,687,2500
715200624753819648,1982,5299
715009755312439296,1296,4312
714982300363173890,1081,3883
714962719905021952,4486,7613
714957620017307648,1488,4274
714631576617938945,1053,3381
714606013974974464,971,3752
714485234495041536,1219,2803
714258258790387713,753,3130
714251586676113411,879,3382
714214115368108032,922,2352
714141408463036416,1476,4462
713919462244790272,815,3391
713909862279876608,569,1980
713900603437621249,775,2939
713761197720473600,1447,5048
713411074226274305,1361,4569
713177543487135744,2966,7461
713175907180089344,1531,4616
712809025985978368,7065,19198
712717840512598017,5254,12779
712668654853337088,1277,4303
712438159032893441,1645,5511
712309440758808576,25,252
712097430750289920,1089,3925
712092745624633345,941,3040
712085617388212225,509,3366
712065007010385924,660,2345
711998809858043904,131,0
711968124745228288,2434,8348
711743778164514816,1034,2938
711732680602345472,4340,9198
711694788429553666,19243,34009
711652651650457602,964,4002
711363825979756544,1190,3795
711306686208872448,769,3428
711008018775851008,646,3095
710997087345876993,1459,4714
710844581445812225,724,2640
710833117892898816,560,2785
710658690886586372,591,2389
710609963652087808,2481,4965
710588934686908417,1967,4706
710296729921429505,776,2454
710283270106132480,542,2218
710272297844797440,1317,4705
710269109699739648,1183,2487
710153181850935296,938,3006
710140971284037632,933,2862
710117014656950272,2098,5694
709918798883774466,1119,3096
709901256215666688,104,696
709852847387627521,1257,3636
709566166965075968,1265,3668
709556954897764353,1115,3409
709519240576036864,247,1539
709449600415961088,608,2315
709409458133323776,722,2709
709225125749587968,600,2497
709207347839836162,6153,13039
709198395643068416,672,2511
709179584944730112,702,2078
709158332880297985,440,2116
709042156699303936,1722,4927
708853462201716736,691,1855
708845821941387268,945,3095
708834316713893888,531,1753
708810915978854401,7304,17085
708738143638450176,861,2843
708711088997666817,757,2644
708479650088034305,706,2641
708469915515297792,861,3202
708400866336894977,10660,16579
708356463048204288,1397,3734
708349470027751425,773,2435
708149363256774660,1613,4429
708130923141795840,880,3519
708119489313951744,1028,2777
708109389455101952,568,1999
708026248782585858,2014,4521
707995814724026368,1180,3246
707983188426153984,2,51
707969809498152960,1019,2803
707776935007539200,995,3406
707741517457260545,644,2587
707738799544082433,2610,4249
707693576495472641,1053,3561
707629649552134146,928,2671
707610948723478529,6741,17577
707420581654872064,726,2360
707411934438625280,623,2369
707387676719185920,1363,3633
707377100785885184,1137,3406
707315916783140866,675,2566
707297311098011648,831,2876
707059547140169728,710,2677
707038192327901184,834,2269
707021089608753152,1437,4224
707014260413456384,624,2387
706904523814649856,8249,15124
706901761596989440,627,2140
706681918348251136,1019,3452
706644897839910912,1154,2674
706593038911545345,659,2234
706538006853918722,1487,3591
706516534877929472,1088,3213
706346369204748288,968,3575
706310011488698368,8409,22146
706291001778950144,492,1763
706265994973601792,970,2834
706169069255446529,2343,4046
706166467411222528,1690,5335
706153300320784384,401,1539
705975130514706432,771,3216
705970349788291072,933,3253
705898680587526145,584,2459
705786532653883392,552,2015
705591895322394625,1214,3288
705475953783398401,967,3058
705442520700944385,1728,4615
705428427625635840,1773,3956
705239209544720384,782,3106
705223444686888960,846,2671
705102439679201280,537,2234
705066031337840642,634,2253
704871453724954624,1169,4426
704859558691414016,573,2336
704847917308362754,1614,5289
704819833553219584,1043,2738
704761120771465216,3050,6875
704499785726889984,1052,3038
704491224099647488,84,793
704480331685040129,1111,3523
704364645503647744,3739,8319
704347321748819968,364,1652
704134088924532736,493,1562
704113298707505153,593,1922
704054845121142784,954,3030
703774238772166656,488,1905
703769065844768768,1200,3405
703631701117943808,722,2696
703611486317502464,1591,4003
703425003149250560,1452,3938
703407252292673536,733,2543
703382836347330562,1191,3639
703356393781329922,405,1987
703268521220972544,570,2038
703079050210877440,3268,7686
703041949650034688,13210,27353
702932127499816960,759,2690
702899151802126337,478,1672
702684942141153280,1139,3341
702671118226825216,590,2284
702598099714314240,3611,12649
702539513671897089,1008,2982
702332542343577600,1644,3314
702321140488925184,1087,3406
702276748847800320,806,2566
702217446468493312,1406,4981
701981390485725185,1047,3580
701952816642965504,1077,3969
701889187134500865,1448,3680
701805642395348998,1782,3562
701601587219795968,481,2166
701570477911896070,979,2923
701545186879471618,645,2760
701214700881756160,5383,12672
700890391244103680,605,2296
700864154249383937,645,2684
700847567345688576,528,2521
700796979434098688,1009,2528
700747788515020802,9864,23719
700518061187723268,847,2736
700505138482569216,598,2375
700462010979500032,1897,4301
700167517596164096,784,2740
700151421916807169,700,2318
700143752053182464,2886,7820
700062718104104960,731,2752
700029284593901568,615,2152
700002074055016451,1413,3441
699801817392291840,1011,3183
699788877217865730,525,2319
699779630832685056,1311,2874
699775878809702401,638,2027
699691744225525762,4848,10641
699446877801091073,2751,6175
699434518667751424,534,2247
699423671849451520,349,1425
699413908797464576,647,2153
699370870310113280,459,1956
699323444782047232,910,3283
699088579889332224,665,2330
699079609774645248,690,2547
699072405256409088,1254,3121
699060279947165696,1902,3926
699036661657767936,1259,2706
698989035503689728,1035,3501
698953797952008193,956,2805
698907974262222848,658,2638
698710712454139905,718,2567
698703483621523456,400,1509
698635131305795584,356,1338
698549713696649216,651,2416
698355670425473025,477,1941
698342080612007937,998,2348
698262614669991936,2119,4934
698195409219559425,6276,17413
698178924120031232,785,2917
697995514407682048,352,1587
697990423684476929,1365,3414
697943111201378304,722,2491
697881462549430272,1256,3138
697630435728322560,567,1818
697616773278015490,1067,3278
697596423848730625,1328,3150
697575480820686848,524,2119
697516214579523584,1188,2155
697482927769255936,707,2511
697463031882764288,1457,3540
697270446429966336,1965,4851
697259378236399616,1050,3419
697255105972801536,1220,3138
697242256848379904,703,2611
696900204696625153,1075,3306
696894894812565505,709,2429
696886256886657024,1898,5034
696877980375769088,745,2531
696754882863349760,377,1538
696744641916489729,987,2148
696713835009417216,679,2464
696518437233913856,1790,4043
696490539101908992,152,1268
696488710901260288,1085,2641
696405997980676096,1203,3344
696100768806522880,701,2010
695816827381944320,1229,3121
695794761660297217,819,3307
695767669421768709,790,1944
695629776980148225,2215,4738
695446424020918272,1908,4547
695409464418041856,3767,8988
695314793360662529,1543,3777
695095422348574720,649,2742
695074328191332352,1168,2957
695064344191721472,634,1671
695051054296211456,831,2766
694925794720792577,963,2800
694905863685980160,980,2860
694669722378485760,15241,37122
694356675654983680,302,1568
694352839993344000,655,2127
694342028726001664,507,1635
694329668942569472,525,2085
694206574471057408,2139,4349
694183373896572928,981,3062
694001791655137281,1086,3529
693993230313091072,425,1943
693942351086120961,387,1802
693647888581312512,623,2806
693644216740769793,131,1396
693642232151285760,433,2637
693629975228977152,839,2552
693622659251335168,389,1606
693590843962331137,2082,5259
693582294167244802,269,1711
693486665285931008,668,1849
693280720173801472,1304,3497
693267061318012928,857,2479
693262851218264065,525,2322
693231807727280129,770,2981
693155686491000832,3380,8181
693109034023534592,648,1784
693095443459342336,487,1950
692919143163629568,789,2767
692905862751522816,924,2535
692901601640583168,634,1852
692894228850999298,852,2368
692828166163931137,924,2997
692752401762250755,3828,7094
692568918515392513,1620,4522
692535307825213440,1433,3320
692530551048294401,438,1917
692423280028966913,240,1534
692417313023332352,3668,9695
692187005137076224,861,2630
692158366030913536,831,2233
692142790915014657,414,1710
692041934689402880,1345,3532
692017291282812928,1004,2979
691820333922455552,1752,4101
691793053716221953,4436,8443
691756958957883396,1072,3004
691675652215414786,530,2022
691483041324204033,593,2476
691459709405118465,1214,4213
691444869282295808,889,2754
691416866452082688,8072,20070
691321916024623104,693,2675
691096613310316544,929,3075
691090071332753408,353,1782
690989312272396288,3023,6130
690959652130045952,1323,3729
690938899477221376,2101,4277
690932576555528194,1081,3410
690735892932222976,1343,3938
690728923253055490,542,2261
690690673629138944,845,2418
690649993829576704,293,1362
690607260360429569,17,305
690597161306841088,636,2041
690400367696297985,476,1948
690374419777196032,906,3397
690360449368465409,943,2752
690348396616552449,544,1571
690248561355657216,434,1746
690021994562220032,1093,2897
690015576308211712,780,2608
690005060500217858,1784,3816
689999384604450816,394,1484
689993469801164801,478,1517
689977555533848577,470,1424
689905486972461056,729,2520
689877686181715968,1244,3147
689835978131935233,795,2250
689661964914655233,980,3328
689659372465688576,4089,10766
689623661272240129,678,2316
689599056876867584,5846,12075
689557536375177216,484,2129
689517482558820352,1513,3534
689289219123089408,994,2345
689283819090870273,1162,3417
689280876073582592,753,2072
689275259254616065,260,1203
689255633275777024,1141,2660
689154315265683456,1056,3185
689143371370250240,539,2100
688916208532455424,919,2845
688908934925697024,818,2199
688898160958271489,834,2189
688894073864884227,733,2329
688828561667567616,393,1434
688804835492233216,205,1004
688789766343622656,699,2311
688547210804498433,740,2719
688519176466644993,776,2407
688385280030670848,4705,9652
688211956440801280,877,2322
688179443353796608,619,2204
688116655151435777,825,2946
688064179421470721,380,1802
687841446767013888,2674,5682
687826841265172480,1189,2837
687818504314159109,1006,2602
687807801670897665,743,2495
687732144991551489,696,1837
687704180304273409,884,2540
687664829264453632,537,2012
687494652870668288,606,1982
687480748861947905,254,1659
687476254459715584,562,2055
687460506001633280,572,2132
687399393394311168,663,1966
687317306314240000,9660,20889
687312378585812992,2007,4535
687127927494963200,2419,5676
687124485711986689,527,2256
687109925361856513,2607,6045
687102708889812993,1041,2429
687096057537363968,637,2337
686947101016735744,3362,8959
686760001961103360,1457,3662
686749460672679938,1543,3610
686730991906516992,1268,4318
686683045143953408,849,2922
686618349602762752,1441,3833
686606069955735556,575,1972
686394059078897668,716,1807
686386521809772549,929,3385
686377065986265092,595,2297
686358356425093120,717,2282
686286779679375361,1760,4153
686050296934563840,768,2290
686035780142297088,129,1203
686034024800862208,1231,3235
686007916130873345,447,2583
686003207160610816,673,1891
685973236358713344,554,2196
685943807276412928,634,1687
685906723014619143,3083,7816
685681090388975616,134,2115
685667379192414208,603,2436
685663452032069632,1547,3383
685641971164143616,827,3049
685547936038666240,16607,34276
685532292383666176,1222,3156
685325112850124800,4213,9853
685321586178670592,680,2750
685315239903100929,1146,3480
685307451701334016,465,2152
685268753634967552,1273,3222
685198997565345792,703,2428
685169283572338688,1503,4255
684969860808454144,399,2458
684959798585110529,3314,7076
684940049151070208,1101,3345
684926975086034944,492,3636
684914660081053696,1549,3654
684902183876321280,561,1956
684880619965411328,868,2185
684830982659280897,22853,36400
684800227459624960,1057,2826
684594889858887680,3735,9275
684588130326986752,1488,4270
684567543613382656,1299,3131
684538444857667585,1008,2741
684481074559381504,1235,4033
684460069371654144,589,2063
684241637099323392,3509,8472
684225744407494656,226,1282
684222868335505415,1457,3981
684200372118904832,1086,2248
684195085588783105,549,1992
684188786104872960,1245,3617
684177701129875456,710,2094
684147889187209216,1579,3094
684122891630342144,499,2073
684097758874210310,1522,4271
683857920510050305,1181,3955
683852578183077888,371,2006
683849932751646720,1037,2723
683834909291606017,1173,2721
683828599284170753,1121,2915
683773439333797890,1433,3473
683742671509258241,3512,6756
683515932363329536,3088,7642
683498322573824003,1019,3291
683481228088049664,1053,2744
683462770029932544,709,2518
683449695444799489,1704,4057
683391852557561860,2518,7917
683357973142474752,994,3046
683142553609318400,1102,3001
683111407806746624,962,3523
683098815881154561,699,2249
683078886620553216,595,2061
683030066213818368,772,2231
682962037429899265,17655,38387
682808988178739200,190,1843
682788441537560576,1184,2567
682750546109968385,463,1580
682697186228989953,380,1368
682662431982772225,1146,3166
682638830361513985,637,2133
682429480204398592,1234,3568
682406705142087680,1866,7882
682393905736888321,724,2325
682389078323662849,495,1730
682303737705140231,1062,3192
682259524040966145,1283,4329
682242692827447297,1251,3386
682088079302213632,10454,18969
682059653698686977,1788,5145
682047327939461121,1018,3328
682032003584274432,2131,6840
682003177596559360,1623,3277
681981167097122816,1091,2901
681891461017812993,869,2559
681694085539872773,4294,13268
681679526984871937,475,1836
681654059175129088,980,2732
681610798867845120,503,1985
681579835668455424,1376,3687
681523177663676416,6145,14869
681340665377193984,295,1701
681339448655802368,4301,9647
681320187870711809,795,2751
681302363064414209,1935,4098
681297372102656000,1017,3328
681281657291280384,1168,3338
681261549936340994,290,1514
681242418453299201,570,1555
681231109724700672,513,2490
681193455364796417,1567,3857
680970795137544192,707,2516
680959110691590145,2117,4726
680940246314430465,1118,3340
680934982542561280,464,2152
680913438424612864,654,2484
680889648562991104,384,1829
680836378243002368,1406,3587
680805554198020098,700,2237
680801747103793152,872,2456
680798457301471234,1102,2967
680609293079592961,751,2737
680583894916304897,1427,3761
680497766108381184,2012,4392
680494726643068929,510,1781
680473011644985345,788,2644
680440374763077632,535,1511
680221482581123072,306,1515
680206703334408192,1250,2940
680191257256136705,531,2226
680176173301628928,1659,4043
680161097740095489,779,2406
680145970311643136,1848,3750
680130881361686529,1001,2363
680115823365742593,956,2806
680100725817409536,1445,3697
680085611152338944,9462,13251
680070545539371008,928,2674
679877062409191424,684,2047
679872969355714560,699,2260
679862121895714818,655,2547
679854723806179328,1304,2963
679844490799091713,805,2455
679828447187857408,14850,37562
679777920601223168,1176,3193
679736210798047232,838,2163
679729593985699840,868,2242
679722016581222400,495,1715
679530280114372609,2196,4934
679527802031484928,763,2738
679511351870550016,1341,3493
679503373272485890,1555,3245
679475951516934144,673,2162
679462823135686656,19892,32856
679405845277462528,1269,2455
679158373988876288,8552,22172
679148763231985668,1090,2869
679132435750195208,1224,3069
679111216690831360,2698,6168
679062614270468097,8671,17637
679047485189439488,715,2323
679001094530465792,1305,2921
678991772295516161,1244,2401
678969228704284672,486,1698
678800283649069056,952,2663
678798276842360832,1252,3589
678774928607469569,968,2890
678767140346941444,1441,3653
678764513869611008,503,1695
678755239630127104,3487,7375
678740035362037760,1790,3878
678708137298427904,2548,5748
678675843183484930,1560,2971
678643457146150913,446,2117
678446151570427904,1645,4126
678424312106393600,2673,5587
678410210315247616,1922,4370
678399652199309312,33433,81666
678396796259975168,443,1639
678389028614488064,441,1922
678380236862578688,960,2519
678341075375947776,566,1787
678334497360859136,272,1344
678278586130948096,6390,11820
678255464182861824,391,1635
678023323247357953,404,1989
678021115718029313,6714,14157
677961670166224897,1773,3524
677918531514703872,431,1392
677895101218201600,2220,4978
677716515794329600,1014,3147
677700003327029250,1522,3498
677698403548192770,335,1265
677687604918272002,891,2552
677673981332312066,1574,3439
677662372920729601,1022,2005
677644091929329666,837,1917
677573743309385728,760,2204
677565715327688705,480,1331
677557565589463040,1220,2505
677547928504967168,3820,7129
677530072887205888,237,1104
677335745548390400,1874,3127
677334615166730240,307,1392
677331501395156992,246,1125
677328882937298944,1572,3729
677314812125323265,560,1686
677301033169788928,430,1277
677269281705472000,740,2050
677228873407442944,1718,3643
677187300187611136,968,2802
676975532580409345,1123,2859
676957860086095872,845,2274
676949632774234114,417,1343
676948236477857792,912,2229
676946864479084545,394,1753
676942428000112642,793,2127
676936541936185344,5126,13052
676916996760600576,1880,3049
676897532954456065,754,2319
676864501615042560,741,2154
676821958043033607,16317,23671
676819651066732545,695,1853
676811746707918848,443,1450
676776431406465024,2098,5136
676617503762681856,1027,2970
676613908052996102,205,1110
676606785097199616,458,1925
676603393314578432,400,1192
676593408224403456,2253,4687
676590572941893632,130,937
676588346097852417,830,2384
676582956622721024,291,1232
676575501977128964,1167,2655
676533798876651520,582,1919
676496375194980353,558,1556
676470639084101634,4867,11883
676440007570247681,693,1757
676430933382295552,360,1427
676263575653122048,575,2128
676237365392908289,305,1255
676219687039057920,32376,77288
676215927814406144,607,1785
676191832485810177,1076,2329
676146341966438401,690,1965
676121918416756736,1207,2205
676101918813499392,1210,2884
676098748976615425,1498,3072
676089483918516224,449,1346
675898130735476737,596,1661
675891555769696257,902,2173
675888385639251968,1002,2426
675878199931371520,1455,4258
675870721063669760,597,1669
675853064436391936,1349,2739
675849018447167488,154,959
675845657354215424,921,2324
675822767435051008,557,1554
675820929667219457,239,1068
675798442703122432,3515,10455
675781562965868544,491,1656
675740360753160193,360,1192
675710890956750848,853,1927
675707330206547968,723,2019
675706639471788032,102,655
675534494439489536,434,1855
675531475945709568,398,1206
675522403582218240,296,1062
675517828909424640,473,1323
675501075957489664,6025,17472
675497103322386432,1347,3197
675489971617296384,622,1328
675483430902214656,1006,1872
675432746517426176,590,1554
675372240448454658,528,1722
675362609739206656,236,1067
675354435921575936,17832,33374
675349384339542016,2336,3979
675334060156301312,1342,2830
675166823650848770,1667,3674
675153376133427200,2695,6385
675149409102012420,1734,3799
675147105808306176,248,958
675146535592706048,325,1211
675145476954566656,934,2167
675135153782571009,510,1317
675113801096802304,808,1984
675111688094527488,260,981
675109292475830276,1175,2841
675047298674663426,339,1075
675015141583413248,1240,2751
675006312288268288,234,1002
675003128568291329,488,1577
674999807681908736,1136,2279
674805413498527744,367,869
674800520222154752,888,3060
674793399141146624,1123,2542
674790488185167872,255,1119
674788554665512960,217,823
674781762103414784,1245,2030
674774481756377088,487,1140
674767892831932416,817,1854
674764817387900928,246,795
674754018082705410,462,1379
674752233200820224,481,1477
674743008475090944,572,1428
674742531037511680,53,496
674739953134403584,406,1129
674737130913071104,96,659
674690135443775488,482,1163
674670581682434048,673,1632
674664755118911488,263,939
674646392044941312,511,1453
674644256330530816,277,1040
674638615994089473,596,1702
674632714662858753,598,1522
674606911342424069,102,951
674468880899788800,2116,6313
674447403907457024,365,1079
674436901579923456,405,1122
674422304705744896,551,1451
674416750885273600,145,688
674410619106390016,479,1215
674394782723014656,590,1514
674372068062928900,322,854
674330906434379776,76,568
674318007229923329,528,1433
674307341513269249,7162,11466
674291837063053312,6055,14925
674271431610523648,750,1588
674269164442398721,232,913
674265582246694913,876,1661
674262580978937856,465,1320
674255168825880576,571,1484
674082852460433408,175,761
674075285688614912,298,991
674063288070742018,2268,6442
674053186244734976,1332,3357
674051556661161984,496,1460
674045139690631169,655,1433
674042553264685056,132,730
674038233588723717,424,1115
674036086168010753,217,853
674024893172875264,1258,1798
674019345211760640,307,1146
674014384960745472,663,1576
674008982932058114,365,1212
673956914389192708,987,1967
673919437611909120,377,1180
673906403526995968,1656,3225
673887867907739649,256,937
673716320723169284,771,3111
673715861853720576,2137,3578
673711475735838725,303,1047
673709992831262724,282,857
673708611235921920,297,1092
673707060090052608,401,1104
673705679337693185,410,1267
673700254269775872,589,1449
673697980713705472,2002,3836
673689733134946305,666,1749
673688752737402881,505,1271
673686845050527744,449,1447
673680198160809984,479,1381
673662677122719744,368,1266
673656262056419329,248,722
673636718965334016,367,1115
673612854080196609,738,1607
673583129559498752,372,1199
673580926094458881,274,840
673576835670777856,572,1395
673363615379013632,311,1032
673359818736984064,686,1466
673355879178194945,591,1501
673352124999274496,547,1662
673350198937153538,218,750
673345638550134785,1305,2534
673343217010679808,277,978
673342308415348736,598,1283
673320132811366400,8117,13594
673317986296586240,266,880
673295268553605120,3236,7585
673270968295534593,374,1069
673240798075449344,747,1433
673213039743795200,861,2268
673148804208660480,644,1702
672997845381865473,735,1981
672995267319328768,305,963
672988786805112832,299,990
672984142909456390,553,1261
672980819271634944,1027,1834
672975131468300288,932,1693
672970152493887488,364,952
672968025906282496,557,1327
672964561327235073,651,1428
672902681409806336,516,1376
672898206762672129,430,907
672884426393653248,847,1556
672877615439593473,376,1042
672834301050937345,578,1319
672828477930868736,504,1263
672640509974827008,327,979
672622327801233409,505,1305
672614745925664768,598,1225
672609152938721280,397,1121
672604026190569472,405,1114
672594978741354496,620,1337
672591762242805761,342,955
672591271085670400,187,729
672538107540070400,373,1035
672523490734551040,174,645
672488522314567680,447,1117
672482722825261057,612,1143
672481316919734272,127,719
672475084225949696,715,1437
672466075045466113,551,1361
672272411274932228,3457,6492
672267570918129665,628,1513
672264251789176834,344,1146
672256522047614977,1583,2826
672254177670729728,754,1435
672248013293752320,623,1727
672245253877968896,162,687
672239279297454080,329,900
672231046314901505,1037,1842
672222792075620352,214,784
672205392827572224,1174,2275
672169685991993344,374,1025
672160042234327040,365,878
672139350159835138,724,1755
672125275208069120,1159,2416
672095186491711488,373,1005
672082170312290304,374,944
672068090318987265,525,1293
671896809300709376,4238,8529
671891728106971137,583,1339
671882082306625538,1402,3487
671879137494245376,692,1432
671874878652489728,568,1252
671866342182637568,507,1122
671855973984772097,454,909
671789708968640512,3549,7105
671768281401958400,535,1194
671763349865160704,944,1693
671744970634719232,785,1354
671743150407421952,236,745
671735591348891648,768,1458
671729906628341761,4423,8553
671561002136281088,7350,12892
671550332464455680,210,918
671547767500775424,606,1358
671544874165002241,1065,1989
671542985629241344,574,1096
671538301157904385,402,931
671536543010570240,416,1182
671533943490011136,590,1025
671528761649688577,263,845
671520732782923777,534,1408
671518598289059840,294,956
671511350426865664,737,1614
671504605491109889,3603,7061
671497587707535361,453,924
671488513339211776,479,1016
671486386088865792,208,579
671485057807351808,235,761
671390180817915904,744,1428
671362598324076544,298,1116
671357843010908160,150,402
671355857343524864,116,485
671347597085433856,437,961
671186162933985280,216,738
671182547775299584,351,1126
671166507850801152,357,881
671163268581498880,1127,1670
671159727754231808,82,375
671154572044468225,222,715
671151324042559489,158,671
671147085991960577,229,677
671141549288370177,665,1168
671138694582165504,411,929
671134062904504320,199,750
671122204919246848,2558,3502
671115716440031232,790,1371
671109016219725825,449,1152
670995969505435648,298,1106
670842764863651840,8871,24727
670840546554966016,196,594
670838202509447168,707,1115
670833812859932673,128,449
670832455012716544,224,737
670826280409919488,4125,5576
670823764196741120,197,781
670822709593571328,98,616
670815497391357952,1562,3194
670811965569282048,275,1137
670807719151067136,500,1166
670804601705242624,977,1977
670803562457407488,88,347
670797304698376195,242,739
670792680469889025,285,834
670789397210615808,245,666
670786190031921152,204,607
670783437142401025,402,824
670782429121134593,785,1572
670780561024270336,293,791
670778058496974848,74,330
670764103623966721,429,1076
670755717859713024,112,442
670733412878163972,522,973
670727704916926465,366,832
670717338665226240,504,1215
670704688707301377,376,774
670691627984359425,248,594
670679630144274432,288,752
670676092097810432,44,250
670668383499735048,5124,10766
670474236058800128,771,1529
670468609693655041,86,353
670465786746662913,560,976
670452855871037440,208,553
670449342516494336,676,1195
670444955656130560,2013,6767
670442337873600512,202,646
670435821946826752,525,1060
670434127938719744,656,1404
670433248821026816,114,329
670428280563085312,636,1388
670427002554466305,166,522
670421925039075328,641,1312
670420569653809152,321,630
670417414769758208,320,572
670411370698022913,913,2029
670408998013820928,229,556
670403879788544000,160,436
670385711116361728,213,561
670374371102445568,274,747
670361874861563904,69,329
670338931251150849,113,422
670319130621435904,1240,3881
670303360680108032,139,429
670290420111441920,292,708
670093938074779648,339,1029
670086499208155136,256,701
670079681849372674,1258,2227
670073503555706880,804,1586
670069087419133954,245,629
670061506722140161,347,770
670055038660800512,337,674
670046952931721218,180,647
670040295598354432,114,759
670037189829525505,281,592
670003130994700288,93,333
669993076832759809,86,327
669972011175813120,161,447
669970042633789440,62,303
669942763794931712,168,505
669926384437997569,106,373
669923323644657664,58,234
669753178989142016,406,820
669749430875258880,65,268
669684865554620416,90,518
669683899023405056,112,390
669682095984410625,136,350
669680153564442624,295,670
669661792646373376,446,805
669625907762618368,1842,3543
669603084620980224,367,953
669597912108789760,152,513
669583744538451968,939,1502
669573570759163904,143,437
669571471778410496,1034,1602
669567591774625800,56,235
669564461267722241,127,387
669393256313184256,78,369
669375718304980992,740,1339
669371483794317312,184,496
669367896104181761,160,468
669363888236994561,231,624
669359674819481600,127,369
669354382627049472,1293,2719
669353438988365824,266,648
669351434509529089,190,439
669328503091937280,424,1024
669327207240699904,118,578
669324657376567296,213,501
669216679721873412,409,1195
669214165781868544,169,441
669203728096960512,486,1007
669037058363662336,318,659
669015743032369152,381,741
669006782128353280,252,580
669000397445533696,6465,21010
668994913074286592,234,442
668992363537309700,354,747
668989615043424256,334,684
668988183816871936,478,900
668986018524233728,172,557
668981893510119424,314,540
668979806671884288,354,800
668975677807423489,588,1308
668967877119254528,24,145
668960084974809088,242,706
668955713004314625,72,283
668932921458302977,59,266
668902994700836864,102,320
668892474547511297,154,396
668872652652679168,304,532
668852170888998912,169,456
668826086256599040,140,434
668815180734689280,275,577
668779399630725120,377,708
668655139528511488,222,535
668645506898350081,540,895
668643542311546881,540,884
668641109086707712,548,1082
668636665813057536,497,1044
668633411083464705,1674,2820
668631377374486528,323,719
668627278264475648,118,320
668625577880875008,137,389
668623201287675904,784,1435
668620235289837568,43,204
668614819948453888,318,615
668587383441514497,1096,1677
668567822092664832,57,246
668544745690562560,231,518
668542336805281792,219,459
668537837512433665,77,252
668528771708952576,232,462
668507509523615744,109,328
668496999348633600,135,416
668484198282485761,239,430
668480044826800133,150,461
668466899341221888,525,887
668297328638447616,298,621
668291999406125056,31,243
668286279830867968,138,504
668274247790391296,232,825
668268907921326080,239,555
668256321989451776,627,1314
668248472370458624,497,994
668237644992782336,2889,6224
668226093875376128,105,299
668221241640230912,200,512
668204964695683073,197,554
668190681446379520,199,655
668171859951755264,198,493
668154635664932864,321,496
668142349051129856,285,570
668113020489474048,245,673
667937095915278337,798,1264
667924896115245057,113,302
667915453470232577,56,208
667911425562669056,308,494
667902449697558528,380,852
667886921285246976,1104,1890
667885044254572545,493,816
667878741721415682,121,392
667873844930215936,410,627
667866724293877760,1041,3002
667861340749471744,78,241
667832474953625600,63,291
667806454573760512,497,1050
667801013445750784,97,329
667793409583771648,334,698
667782464991965184,246,409
667773195014021121,57,236
667766675769573376,216,440
667728196545200128,152,378
667724302356258817,321,481
667550904950915073,35,0
667550882905632768,33,0
667549055577362432,2301,5794
667546741521195010,125,331
667544320556335104,529,864
667538891197542400,65,203
667534815156183040,542,814
667530908589760512,239,465
667524857454854144,1114,1695
667517642048163840,193,366
667509364010450944,2138,6765
667502640335572993,220,531
667495797102141441,272,514
667491009379606528,227,530
667470559035432960,100,254
667455448082227200,60,189
667453023279554560,89,308
667443425659232256,579,775
667437278097252352,238,448
667435689202614272,83,302
667405339315146752,220,461
667393430834667520,55,193
667369227918143488,164,363
667211855547486208,241,488
667200525029539841,260,608
667192066997374976,108,383
667188689915760640,414,739
667182792070062081,6209,14273
667177989038297088,55,191
667176164155375616,464,608
667174963120574464,82,240
667171260800061440,89,220
667165590075940865,1135,2671
667160273090932737,62,253
667152164079423490,17057,47485
667138269671505920,2201,4577
667119796878725120,127,326
667090893657276420,126,329
667073648344346624,121,398
667070482143944705,14,82
667065535570550784,46,165
667062181243039745,54,216
667044094246576128,50,182
667012601033924608,221,441
666996132027977728,94,243
666983947667116034,979,2528
666837028449972224,552,806
666835007768551424,80,211
666826780179869698,97,251
666817836334096384,249,512
666804364988780544,92,236
666786068205871104,484,750
666781792255496192,191,380
666776908487630848,174,347
666739327293083650,65,231
666701168228331520,217,425
666691418707132416,47,185
666649482315059201,617,1105
666644823164719104,79,228
666454714377183233,207,509
666447344410484738,19,102
666437273139982337,47,122
666435652385423360,53,163
666430724426358785,194,311
666428276349472768,81,162
666421158376562688,111,310
666418789513326592,45,122
666411507551481857,321,432
666407126856765440,39,105
666396247373291520,83,161
666373753744588802,88,183
666362758909284353,559,756
666353288456101888,71,214
666345417576210432,132,284
666337882303524864,88,192
666293911632134144,343,488
666287406224695296,63,142
666273097616637952,76,170
666268910803644416,35,100
666104133288665088,6356,13988
666102155909144576,11,77
666099513787052032,66,150
666094000022159362,72,160
666082916733198337,44,113
666073100786774016,158,314
666071193221509120,58,142
666063827256086533,213,463
666058600524156928,57,109
666057090499244032,138,287
666055525042405380,235,427
666051853826850816,828,1193
666050758794694657,57,130
666049248165822465,42,105
666044226329800704,136,290
666033412701032449,43,121
666029285002620928,46,125
666020888022790149,497,2517
